Metrics without rules
mse: 29138.26995997249
mae: 170.64963984624504
waic: 760.9291464601583
Metrics with TIT rules
mse: 1775256.837855568
mae: 1332.2471416700878
Metrics with AH rules
mse: 6163.281028804402
mae: 78.4644566448589
Metrics with intersection rules
mse: 23170.537431102108
mae: 152.09422695125647
waic: 761.2861597189881
