Metrics linear (rules)
mse: 4.307277843418409e-06
mae: 0.0016954468568173473
mse_true: 2.5795411389080035e-07
mae_true: 0.00039525432619935805
waic: 900.7741070760528
