Metrics linear (no rules)
mse: 48.97427942792873
mae: 5.710140255416097
loo: 249.73994345668353
waic: 249.71211665642159
Metrics linear (proportion rules)
mse: 20.1120309514251
mae: 4.437636761789493
loo: 250.13299091087606
waic: 250.11262016883938
Metrics linear (total distance rules)
mse: 76.84101840389967
mae: 7.080166886263804
loo: 249.75416000369543
waic: 249.72925328590748
